12031
12000
12139
12424
12320
12539
12674
12648
12679
12265
12211
12061
11814
11885
11626
10858
10890
10914
10914
11065
10984
11502
11655
11781
12069
12303
12013
12128
11838
12061
12062
11871
10592
11826
11843
11700
11799
11553
11915
12000
12306
12677
12672
12846
12795
12810
12376
12606
12361
12734
12925
12922
12720
12786
12541
12385
12715
12546
12603
12285
12636
13217
13879
13879
13756
13793
14039
14075
14407
14450
14488
14540
14890
14870
15076
14984
15120
15543
16022
15984
15903
16001
15708
15395
15708
16060
15651
15518
15489
15251
15669
15516
15842
16500
16068
15878
16267
16245
17157
16757
16891
16831
16580
16445
16375
16540
16986
16935
17001
17267
17059
17100
17012
16516
15874
15784
16074
16395
16510
16861
17725
17736
17999
17695
17916
17686
17550
17552
18050
17749
17777
17488
17633
17428
17372
17558
17841
17927
18388
18500
18259
18190
18210
18180
18392
18196
18137
18615
18410
18650
18788
18504
18542
18536
18360
18875
18866
19090
18529
18300
17795
17550
17751
17748
17145
17016
17052
17142
17350
17400
17615
17666
18315
18439
18556
18925
18873
18977
18577
18650
18368
18025
17686
17895
17391
17353
16909
17371
17262
17192
16939
16667
16707
16550
16660
16139
16470
16591
16119
16337
16407
16230
16821
17164
17180
17073
17778
17931
18158
18089
18210
18615
18278
18526
18486
18306
18083
18139
18100
17838
17835
18162
18589
18565
18627
18320
19596
19438
19657
20100
19825
19866
19910
19834
20194
20312
20422
20570
20054
19182
19413
19833
19795
19556
19700
19357
19124
19413
19594
19606
19228
19123
18866
18572
--end--
