6448
6505
6505
6468
6340
6425
6415
6390
6340
6240
6314
6160
6035
6210
6245
6450
6578
6430
6550
6398
6507
6525
6496
6430
6495
6458
6475
6500
6489
6618
6540
6600
6661
6770
6671
6621
6630
6575
6598
6664
6613
6630
6630
6716
6611
6731
6640
6740
6639
6694
6670
6739
6765
6730
6713
6715
6610
6730
6690
6665
6487
6437
6480
6480
6483
6515
6514
6541
6419
6545
6450
6385
6247
6235
6256
6550
6499
6650
6695
6715
6792
6745
6745
6755
6771
6706
6755
6680
6727
6661
6715
6711
6687
6850
6728
6650
6735
6540
6510
6425
6580
6500
6472
6440
6520
6548
6505
6510
6477
6580
6525
6621
6710
6792
6795
6813
6901
6895
6960
6901
6910
6945
6835
6982
6945
6965
6961
6966
7007
7000
7000
7100
7145
7105
7075
7020
7097
7095
7195
7190
7086
7120
7105
7040
7008
7055
7034
6928
6880
6997
7025
6964
6907
6855
6816
6810
6590
6741
6771
6744
6839
6852
6900
7000
7135
7170
7065
7130
7125
7177
7210
7195
7235
7237
7265
7255
7315
7306
7395
7365
7405
7390
7256
7275
7281
7370
7266
7285
7275
7377
7521
7484
7540
7625
7720
7850
7880
7860
7861
7805
7873
7850
7795
7895
7860
7825
7858
7885
7922
7999
7962
8063
8112
8370
8320
8242
8375
8471
8620
8666
8635
8416
8454
8428
8345
8426
8540
8589
8747
8848
8761
8800
8945
8821
8576
8589
8640
8425
8300
8446
8604
8497
8280
8360
8350
8121
8360
8400
8379
8200
8083
8146
8195
8060
7777
7940
8201
8510
8565
8525
8490
8555
8406
8348
8385
8194
8264
8299
8135
8128
8027
8040
8003
8010
8145
8070
7959
7811
7950
7932
8290
8069
7945
8075
8218
8000
7940
7846
7742
7870
7788
8016
7910
7955
7825
7680
7622
7665
7600
7720
7883
7868
7762
7700
7700
7685
7524
7404
7596
7400
7475
7500
7575
7536
7444
7330
7213
7379
7436
7507
7556
7510
7535
7551
7705
7620
7770
7815
7917
7957
7950
7935
7998
8250
8397
8362
8369
8250
8195
8220
8325
8239
8245
8252
8274
8290
8173
8310
8260
8075
7917
8025
8060
8001
8006
7947
7998
8073
8425
8575
8640
8570
8569
8640
8792
8905
8905
8985
9110
8925
9000
8815
8824
8910
8960
8955
8959
9160
9130
9007
8977
9003
9082
8930
9017
9075
8900
9018
8980
8965
8895
8915
8885
8925
8890
8834
8978
8861
8893
8804
8897
8854
8825
8802
8913
8845
8751
8501
8735
8730
8600
8505
8575
8930
8995
9105
9045
9100
9059
8956
8935
8955
8920
8927
9002
9198
9150
9030
9110
9021
9048
8800
8740
8660
8787
8696
8803
8782
8898
8970
8900
9090
8945
8998
9104
9050
9032
9016
9040
8979
9088
9060
9028
9011
8962
8890
8932
8991
9020
9097
8995
9090
8998
9110
9100
9030
9045
9349
9377
9410
9490
9464
9454
9425
9402
9315
9308
9408
9435
9380
9441
9387
9375
9281
9340
9398
9450
9534
9707
9642
9724
9595
9590
9830
9852
9847
10069
10145
10100
9994
9897
9829
9670
9825
9755
9712
9900
9952
9803
9740
9710
9608
9664
9600
9540
9431
9500
9536
9672
9680
9752
9813
10099
10060
10048
10050
10118
10200
10191
10185
10163
10280
10448
10345
10698
10606
10360
10460
10654
10303
10502
10550
10449
10370
10310
10079
9695
9946
10033
9700
9520
9479
9626
9683
9750
9895
9678
9807
9799
9650
9674
9800
9610
9520
9554
9520
9501
9598
9721
9860
9840
9880
9860
9940
9994
10235
10300
10274
10530
10445
10520
10545
10662
10533
10515
10540
10326
10132
10089
9950
9611
9598
9450
9652
9536
9654
9316
9576
9569
9488
9625
9578
9725
9815
9830
9662
9759
9800
9700
9697
9508
9425
9383
9414
9146
9200
8960
8831
8678
8850
9050
9057
9261
9361
9460
9250
9143
9090
9150
9236
9325
9264
8800
8667
8854
8821
8787
8775
8708
8804
8955
9000
8999
8900
8814
8757
8707
8632
8625
8311
7970
7986
8177
8133
8147
7781
8120
8025
7453
7550
7756
7865
7715
7857
7970
8178
8337
8278
8161
8190
7871
7948
7946
8180
8435
8567
8506
8611
8447
8412
8251
8326
8512
8422
8351
8403
7932
7978
7982
8055
7899
7653
7478
7371
7181
7579
7446
7700
7698
7355
7525
7688
7566
7586
7444
7400
7502
7610
7655
7604
7653
7451
7672
7845
7765
7668
7756
7631
7640
7750
7871
7932
8065
8249
8338
8501
8454
8583
8486
8632
8532
8559
8603
8471
8443
8440
8499
8530
8571
8584
8556
8705
8541
8105
8121
8160
8325
8182
8240
8261
8150
7754
7819
7654
7340
7346
7344
7401
7476
7477
7538
7337
7505
7780
7623
7524
7228
6875
6774
6663
6495
6582
6401
6466
6443
6606
6595
6535
6440
6206
6391
6605
6711
6850
6858
6732
6560
6300
6382
6264
6359
6300
6139
6208
6187
6490
6506
6487
6789
6689
6607
6374
6477
6450
6348
6299
6297
6394
6491
6409
6357
6478
6625
6700
6569
6501
6252
6247
6392
6358
6113
6238
6181
6102
6088
5769
6074
5933
5891
5754
5767
5674
5750
5629
5676
5633
5400
5177
5179
4841
4783
4013
4357
4863
4418
4264
4395
4474
4632
4416
4320
4250
4570
4645
4881
5228
5062
5190
5441
5250
4897
4658
4730
4460
4323
4203
4201
4061
4060
3928
3698
3718
4005
4055
3935
4128
4117
4164
4054
4023
3984
3800
4035
4157
4149
4065
3956
3960
3921
4116
4131
4132
4065
4125
4024
4012
3976
4038
4008
4159
4267
4280
4550
4685
4510
4450
4480
4428
4338
4188
4107
4145
4208
4075
4173
4091
4246
4329
4347
4276
4076
4173
4145
4212
4175
4252
4280
4129
4051
3958
3989
3949
3877
3824
3673
3673
3444
3527
3450
3230
3096
2970
2986
2922
2961
2998
3142
3259
3301
3372
3374
3392
3429
3386
3322
3320
3488
3603
3732
3823
3663
3590
3452
3616
3723
3748
3751
3650
3768
3915
3697
3651
3663
3762
3855
3765
3666
3785
3729
3810
3799
3911
3909
4107
4031
4190
4192
4330
4447
4396
4526
4454
4318
4294
4327
4425
4436
4505
4399
4347
4294
4261
4389
4399
4461
4554
4770
4871
4863
5216
5249
5339
5282
5183
5076
5090
4957
4855
4843
4918
4783
4439
4314
4140
4211
4215
4363
4263
4181
4083
4038
4050
3912
3975
3920
3968
4039
4077
4101
4225
4171
4282
4240
4200
4195
4200
4199
4300
4394
4332
4318
4364
4363
4429
4589
4641
4533
4645
4582
4416
4400
4350
4354
4518
4651
4750
4807
5137
5168
5017
4921
4859
4867
4874
4973
4970
5042
5064
5099
5126
5244
5225
5302
5260
5296
5335
5223
5186
5182
5328
5486
5385
5119
5175
5154
5218
5230
5249
5266
5164
5231
5203
5119
5332
5171
5107
5033
5106
4985
4830
4772
4831
4870
4782
4817
4828
4849
4971
5001
5107
5078
5062
4998
5100
5242
5259
5154
5112
5250
5208
5197
5293
5135
5243
5275
5404
5399
5475
5520
5599
5575
5565
5547
5602
5637
5611
5490
5470
5336
5438
5541
5526
5548
5533
5534
5486
5413
5413
5572
5625
5823
5951
6154
6195
6007
6061
6103
6082
6082
6060
6033
6030
5862
5835
5754
5884
6215
6280
6074
6129
6152
6095
5921
5833
5862
5971
5975
5965
5965
6042
6139
6178
6265
6358
6381
6300
6272
6309
6305
6464
6458
6509
6606
6801
6757
6814
7008
7048
6937
6924
6897
6935
7320
7166
7254
7242
7295
7266
7308
7384
7292
7299
7299
7299
7184
7216
7189
7226
7215
7154
7083
7134
7210
7027
7154
7151
7446
7504
7458
7465
7295
7300
7380
7262
7331
7190
7066
6829
6996
7031
7204
7266
7108
7036
6989
6685
6500
6199
6366
6100
6360
6486
6418
6418
6427
6339
6484
6325
6169
6033
6148
6281
6316
6622
6567
6693
6748
6738
6895
6797
6642
6717
6731
6843
6611
6305
6248
6194
6194
6271
6148
6409
6520
6455
6515
6429
6565
6396
6272
6226
6440
6402
6649
6815
6925
6762
6785
6661
6901
6931
6942
6873
6803
6917
6829
6718
6465
6459
6427
6516
6605
6574
6420
6509
6255
6049
6136
6113
6300
6200
6179
6234
6464
6464
6425
6360
6551
6338
6473
6402
6249
6239
6326
6299
6380
6438
6331
6352
6461
6385
6471
6709
6754
6657
6702
6861
6897
6847
6951
7016
7073
7173
7185
7019
6957
7000
7161
7138
7168
7110
7087
7130
7115
7071
7085
6966
7000
7085
7006
7027
6769
6655
6501
6335
6335
6267
6335
6453
6302
6343
6541
6509
6433
6373
6466
6562
6658
6641
6704
6619
6561
6463
6423
6385
6429
6433
6489
6474
6361
6445
6506
6473
6481
6500
6511
6490
6615
6679
6655
6746
6916
6942
6947
6960
7029
7007
7086
7268
7135
7191
7152
7249
6999
7001
7080
6926
7000
6983
7100
7090
7143
7217
7239
7243
7224
7270
7192
7171
7242
7304
7235
7094
7035
7394
7247
7193
7011
7013
7180
7160
7148
7201
7131
7029
7117
6834
6923
6858
6921
7029
7118
7162
7324
7294
7350
7307
7393
7381
7429
7338
7351
7333
7374
7466
7365
7322
7333
7183
7245
7272
7297
7421
7544
7551
7531
7603
7603
7888
8035
7924
7970
7852
7914
7931
7976
7964
7904
7961
7866
7761
7678
7741
7789
7655
7646
7526
7654
7699
7780
7795
7544
7471
7476
7479
--end--
