2302
2300
2253
2308
2282
2311
2349
2328
2384
2332
2311
2268
2259
2230
2215
2152
2120
2113
2113
2142
2149
2267
2255
2261
2304
2343
2370
2387
2287
2227
2306
2273
2316
2332
2368
2329
2353
2302
2343
2384
2379
2403
2392
2421
2446
2386
2142
2151
2124
2207
2204
2234
2219
2247
2143
2099
2118
2084
2080
2011
2035
2048
2104
2104
2090
2068
2096
2063
2092
2136
2154
2158
2207
2197
2178
2167
2155
2184
2201
2200
2163
2205
2212
2181
2202
2203
2247
2237
2248
2238
2293
2326
2324
2335
2310
2291
2348
2325
2363
2349
2325
2343
2312
2295
2317
2329
2392
2426
2454
2449
2429
2046
2062
2037
1988
1962
1973
1983
1965
1944
1946
1949
1947
1924
1934
1936
1916
1931
1970
1937
1949
1975
1985
1965
1958
1944
1970
1958
1964
1954
1969
1984
2037
2049
2032
2024
2045
2051
2058
2091
2086
2094
2090
2100
2118
2121
2122
2132
2061
2097
2084
2116
2148
2137
2149
2093
2127
2152
2170
2190
2211
2195
2192
1965
1911
1884
1889
1877
1863
1885
1873
1857
1839
1851
1862
1867
1849
1863
1853
1836
1817
1811
1804
1781
1781
1731
1733
1713
1735
1734
1742
1742
1762
1738
1736
1721
1758
1732
1729
1701
1716
1744
1816
1797
1771
1750
1750
1715
1719
1688
1665
1690
1694
1693
1721
1760
1720
1732
1751
1753
1737
1748
1763
1753
1765
1782
1696
1686
1682
1650
1664
1675
1668
1641
1640
1615
1616
1646
1659
1676
1631
1614
1604
1604
--end--
