7458
7425
7450
7505
7570
7640
7770
7603
7670
7683
7681
7517
7401
7383
7526
7480
7430
7438
7480
7515
7738
7940
7920
8116
8200
8243
8199
8472
8320
8460
8398
8398
8415
8380
8355
8330
8300
8327
8331
8375
8275
8341
8340
8365
8193
8215
8190
8207
8140
8110
8136
8275
8270
8153
8145
8081
8000
8100
8035
8016
7950
7970
8070
8128
8086
8103
8149
8075
8043
8038
7974
7927
7795
7756
7770
7831
7717
7806
7925
8002
8022
8065
8011
7982
8025
8124
8225
8275
8170
8260
8236
8433
8241
8400
8308
8315
8308
8297
8253
8232
8151
8185
8120
8155
8291
8310
8341
8271
8270
8420
8425
8403
8545
8618
8800
8760
8688
8812
8895
8880
8918
8905
8915
8900
8840
8856
8900
8857
8680
8701
8450
8365
8288
8389
8323
8295
8246
8261
8400
8348
8310
8280
8185
8245
8220
8140
8395
8390
8315
8437
8382
8300
8280
8400
8414
8304
8133
8139
8105
8150
8100
8021
8150
8090
8145
8055
7994
7950
8058
8040
8040
8133
8055
8086
8068
8091
8010
8000
8120
8065
7997
8010
8020
7955
7951
7991
8001
8025
8126
8103
8156
8151
8265
8343
8335
8311
8382
8335
8423
8299
8298
8286
8220
8288
8295
8272
8305
8333
8370
8360
8227
8183
8110
8118
8192
8189
8395
8165
8249
8130
8195
8284
8270
8351
8259
8211
8254
8287
8295
8260
8249
8290
8265
8247
8180
8300
8175
8050
8086
7983
8025
7935
7989
8016
8035
8015
7989
8050
7910
7906
7978
7855
7724
7763
7714
7693
7785
7844
7790
7784
7799
7816
7715
7704
7732
7653
7689
7770
7754
7800
7759
7809
7618
7625
7607
7501
7424
7335
7370
7600
7573
7549
7492
7599
7548
7583
7638
7644
7665
7621
7600
7665
7563
7563
7556
7520
7534
7605
7690
7748
7893
7938
7951
7928
7895
7890
7920
7991
8006
8126
8130
8113
8119
8029
7990
7960
8060
8114
8225
8190
8321
8256
8197
8237
8261
8175
8165
8190
8200
8185
8190
8176
8188
8165
8281
8293
8314
8371
8415
8420
8445
8608
8633
9051
8980
9004
9005
9091
9121
9183
9091
8980
9150
9250
9180
9176
9150
9242
9225
9259
9230
9155
9200
9308
9307
9342
9360
9301
9290
9305
9271
9065
9135
9135
9190
9250
9351
9448
9400
9365
9372
9360
9478
9497
9561
9495
9510
9610
9578
9575
9500
9630
9711
9700
9718
9725
9760
9850
9908
9850
9900
9899
9940
10069
9980
9500
9642
9691
9708
9722
9752
9770
9857
9880
9897
9910
9917
10000
9980
9890
9952
9880
9860
9850
9906
9912
9866
9890
9880
9826
9786
9600
9371
9025
9200
9025
9240
9397
9450
9348
9329
9386
9265
9340
9445
9395
9400
9450
9510
9482
9500
9471
9390
9466
9424
9451
9545
9580
9598
9643
9640
9651
9503
9575
9499
9630
9480
9450
9502
9516
9723
9874
10100
10030
10111
10206
10280
10175
10275
10276
10242
10393
10382
10469
10581
10540
10510
10561
10584
10767
10695
10680
10545
10390
10557
10540
10726
10662
10650
10655
10550
10246
10180
10287
10311
10285
10310
10422
10527
10493
10650
10577
10596
10473
10510
10475
10552
10596
10539
10550
10631
10779
10873
10855
10830
10935
10875
10857
10966
11025
11500
11485
11488
11532
11619
11701
11662
11500
11472
11039
11210
11324
11197
11302
11430
11077
10975
11292
11283
11100
11098
11187
11090
10890
11009
11040
11145
11300
11290
11288
11362
11599
11634
11748
11792
11620
11615
11635
11695
11630
11505
11470
11500
11690
11627
11789
11690
11602
11694
11750
11714
11761
11931
11765
11620
11617
11610
11785
11800
11899
11850
11795
11802
11801
11482
11398
11097
11378
11420
11332
11300
11390
11450
11475
11550
11442
11394
11349
11356
11010
10492
10189
10273
10612
10324
10451
10434
10259
10141
10310
10426
10270
10482
10724
10857
10555
10541
10783
10800
10968
10938
10934
10917
10800
10731
10537
10508
10654
10778
10990
11120
11090
11053
11076
10951
10899
10483
10395
10025
10005
9776
9739
9920
10501
10203
10014
10200
10672
9855
9963
10638
10779
10444
10550
10585
10421
10716
10867
10706
10505
10289
10219
10305
10516
10713
10794
10527
10694
10543
10810
10714
10743
10952
11384
11560
11404
11386
11340
11641
11506
11185
11312
11580
11644
11569
11607
11300
11660
11829
11709
11857
11910
11759
11602
11586
11415
11520
11684
11435
11605
11637
11572
11650
11693
11731
11620
11710
11815
12239
12392
12362
12387
12369
12338
12450
12261
12204
12334
12106
12330
12229
12150
12278
12420
12437
12382
12512
12652
12733
12846
12768
12605
12505
12355
12435
12401
12750
12876
12922
12849
12747
12787
12741
12777
12538
12488
12590
12385
12442
12546
12710
12455
12367
12481
12300
12308
12367
12343
12102
12003
11750
11841
11995
11962
12055
12421
12066
12180
12351
12100
12281
12639
12581
12983
12750
12978
12906
12900
12769
12654
12812
12810
12852
12677
12820
12845
12830
12850
12843
12601
12500
12501
12707
12649
12363
12350
12158
12330
12448
12258
12242
12406
12371
12287
11834
11799
11415
11800
11778
11640
11660
11866
11686
11373
11479
11291
11959
11845
11621
11693
11775
11721
11843
11583
11551
10848
10516
10121
10150
9151
9529
8741
9044
9642
9277
8938
9175
9221
9222
8700
8409
7927
8027
8140
8774
9101
9090
9264
9476
9293
8768
8578
8799
8324
8073
7962
8263
7940
7913
7993
7500
7274
7574
8137
7952
8167
8100
8095
7780
7862
8003
7678
8257
8382
8395
8150
7868
8251
8311
8544
8577
8522
8327
8235
8055
8052
8093
8172
8183
8350
8416
8389
8642
8711
8783
8781
8705
8457
8550
8420
8361
8461
8476
8629
8983
8840
8977
9177
9270
9358
9223
9060
9107
9374
9213
9251
9593
9558
9348
9441
9479
9173
9117
9106
8805
8930
8463
8600
8685
8812
9117
9016
8897
8813
8747
8470
8511
8751
8859
9040
9165
9111
8946
9284
9316
9370
9769
9847
9847
9599
9200
9496
9613
9915
9973
10090
10017
9945
10201
10170
10028
9908
9823
9974
10118
10029
9841
10117
10265
10117
9961
9936
10198
10455
10378
10526
10600
10523
10465
10358
10109
10298
10288
10172
10090
10200
10433
10551
10307
10267
10189
10132
10434
10334
10447
10694
10751
10653
10617
10733
10664
10815
10920
10875
10840
10763
10847
10746
10693
10631
10518
10475
10539
10370
10650
10599
10569
10500
10380
10173
10157
10134
10029
10112
10097
10128
10342
10475
10684
11341
11453
11587
11618
11506
11668
11695
11663
11636
11800
11756
11888
11917
11852
11831
11811
11817
11760
11928
11929
11669
11681
11636
11844
11965
11992
11925
11864
11873
12010
11710
11767
11634
11655
11658
11794
11703
11699
11780
11700
11878
11950
12114
12245
12103
12209
12126
12069
12027
12052
11936
11918
11939
11740
11890
12039
12112
12252
12243
12544
12622
12771
12756
12315
12176
12336
12218
12075
12295
12061
12018
12047
12215
12263
12077
11953
12146
12212
12251
12392
12530
12655
12661
12641
12717
12743
12805
12728
12717
12770
12790
12788
12728
12459
12512
12729
12732
12760
12840
12688
12697
12670
12813
12901
12965
12946
12874
12800
12797
12780
12930
12970
12989
13057
13099
13228
13123
13090
13090
13118
13168
13068
12987
12907
13106
12903
13039
13055
13178
13178
13163
13046
13047
12867
12633
12592
12582
12703
12432
12323
12479
12516
12519
12304
12315
12265
12294
12258
12400
12400
12491
12550
12613
12735
12730
12648
12702
12605
12701
12750
12870
12773
12707
12717
12706
12627
12598
12571
12791
12740
12800
12890
12746
12884
12711
12794
12863
12936
12893
12930
12890
12823
12825
12825
12838
12868
12853
12804
12788
12857
12826
12973
13053
13068
13038
12920
12987
12864
12908
12976
12990
12940
13055
13043
12939
12889
12712
12629
12336
12627
12521
12716
13093
13106
13068
13126
12937
12722
12216
12526
12147
12489
12505
12526
12526
12469
12485
12775
12637
12557
12426
12483
12599
12673
12850
12893
12834
13007
13102
13142
13037
12925
12957
12834
12765
12735
12483
12355
12186
12186
12358
12347
12737
12790
12737
12897
12932
12987
12996
12867
12297
12644
12632
12730
12818
12878
12867
12906
12743
12925
13003
13046
13073
13041
13079
13118
13069
12769
12796
12747
12883
12887
12867
12872
12757
12521
12457
12578
12383
12508
12331
12531
12603
12758
12758
12699
12602
12727
12699
12863
12843
12865
12920
12992
13024
13145
13161
13142
13242
13351
13467
13440
13550
13551
13523
13618
13688
13792
13840
13879
13840
13991
14035
14210
14090
13730
13828
13981
14015
14042
13929
13952
14184
14090
14364
14385
14424
14482
14594
14535
14670
14609
14470
14459
14389
14293
14249
14304
14438
14400
14424
14581
14530
14353
14224
14361
14433
14425
14454
14602
14435
14594
14488
14514
14426
14513
14484
14469
14539
14499
14566
14589
14512
14531
14600
14636
14673
14721
14756
14734
14713
14879
14758
14820
14799
14924
15000
14982
15326
15453
15640
15542
15921
16167
16143
16105
15918
16211
16340
16316
16348
16408
16482
16562
16390
16398
16418
16289
16333
16330
16484
16357
16181
15963
16106
16236
16315
15943
16142
16340
16160
15970
16347
16464
16240
16116
15735
15652
15400
15650
15764
15856
15800
16023
16098
16154
16134
16355
16340
16370
16442
16381
16434
16410
16435
16344
16336
16397
16384
16500
16464
16571
16310
16828
16765
16799
16861
16999
17110
17211
17200
17236
17047
16903
16839
16925
17030
16965
17170
16981
16785
17010
17086
17040
16858
16850
16763
16746
16750
16844
16890
16644
16430
16476
16511
--end--
